868.1
868.3
868.5
867.1
867.3 
867.5
867.7
867.9
868.8
869.525
433
903.9
904.1
904.3
904.5
904.7
904.9
905.1
905.3
904.6
923.3
923.9
924.5
925.1
925.7
926.3
926.9
927.5
923.3
486.3
486.5
486.7
486.9 
487.1
487.3
487.5
487.7
506.7 
506.9
507.1
507.3
507.5 
507.7
507.9
508.1
505.3
779
780
781
782
783
784
785
786
787
916.8 
917.0
917.2 
917.4
917.6 
917.8
918.0 
918.2 
917.5
923.3 
923.9 
924.5 
925.1 
925.7 
926.3 
926.9 
927.5 
923.3 
923.2
923.4
923.2 
923.4 
922.2 
922.4 
922.6 
922.8 
923.0 
922.0 
922.1 
921.8 
923.2
923.2 
923.4 
923.6 
923.8 
924.0 
924.2 
924.4 
924.6 
924.5 
924.8 
923.2
922.1 
922.3 
922.5 
922.7 
922.9 
923.1 
923.3 
921.9
865.0625 
865.4025 
865.9850 
866.550
